Init transform for R/L Arms before play xylophone these are end point transforms

[0.9516681432723999, 0.2406739443540573, 0.19079796969890594, 0.12346550822257996, -0.2703717052936554, 0.9512004852294922, 0.14871717989444733, -0.2338714301586151, -0.1456947773694992, -0.19311577081680298, 0.9702986478805542, 0.055085137486457825, 0.0, 0.0, 0.0, 1.0]

[0.9516681432723999, -0.2406739443540573, 0.19079796969890594, 0.12346550822257996, 0.2703717052936554, 0.9512004852294922, -0.14871717989444733, 0.2338714301586151, -0.1456947773694992, 0.19311577081680298, 0.9702986478805542, 0.055085137486457825, 0.0, 0.0, 0.0, 1.0]

Init transform for R/L Legs

[0.9863397479057312, 0.15704217553138733, 0.04971614480018616, -0.020728666335344315, -0.15593096613883972, 0.9874390363693237, -0.025515317916870117, -0.03647679090499878, -0.0530986413359642, 0.017414486035704613, 0.9984381198883057, -0.227644681930542, 0.0, 0.0, 0.0, 1.0]

[0.9863397479057312, -0.15704217553138733, 0.04971614480018616, -0.020728666335344315, 0.15593096613883972, 0.9874390363693237, 0.025515317916870117, 0.03647679090499878, -0.0530986413359642, -0.017414486035704613, 0.9984381198883057, -0.227644681930542, 0.0, 0.0, 0.0, 1.0]

Init transform for R/L Arms straight down and ready to go to the Init transform before play xylophone

[0.03477038815617561, 0.9961863160133362, 0.080023854970932, 0.0029639352578669786, -0.381715327501297, 0.0872393399477005, -0.9201536178588867, -0.183818519115448, -0.923625648021698, 0.0014477664371952415, 0.38329294323921204, -0.10117591917514801, 0.0, 0.0, 0.0, 1.0]

[0.03795033320784569, -0.9755989909172058, -0.21625538170337677, 0.006952085066586733, 0.378103643655777, -0.1863023042678833, 0.9068236947059631, 0.18319708108901978, -0.9249851703643799, -0.11618120968341827, 0.36180728673934937, -0.10128530114889145, 0.0, 0.0, 0.0, 1.0]

Positions!!!!

RArm_Low_E_Red
[0.9316542148590088, 0.24458177387714386, 0.2687009274959564, 0.12316013872623444, -0.287557452917099, 0.9483729004859924, 0.13378950953483582, -0.23423564434051514, -0.2221062183380127, -0.201912522315979, 0.9538869261741638, 0.04188814014196396, 0.0, 0.0, 0.0, 1.0]
LArm_High_C_Green
[0.9445579648017883, -0.2035570740699768, 0.257632851600647, 0.13692229986190796, 0.2249278724193573, 0.9727608561515808, -0.05606827139854431, 0.22018061578273773, -0.23920205235481262, 0.11090853810310364, 0.9646146893501282, 0.029607918113470078, 0.0, 0.0, 0.0, 1.0]

RArm_Low_G_Gray
[0.9489130973815918, 0.15944349765777588, 0.2722896933555603, 0.1422799825668335, -0.16740337014198303, 0.9858695864677429, 0.0060991644859313965, -0.20895415544509888, -0.2674696445465088, -0.051369789987802505, 0.9621959328651428, 0.020460091531276703, 0.0, 0.0, 0.0, 1.0]
LArm_High_D_Brown
[0.9606088399887085, -0.21638108789920807, 0.17438435554504395, 0.13190385699272156, 0.24442031979560852, 0.9564399123191833, -0.15962907671928406, 0.22714614868164062, -0.1322474479675293, 0.19596418738365173, 0.9716525673866272, 0.04552464932203293, 0.0, 0.0, 0.0, 1.0]

