Init transform for R/L Arms before play xylophone these are end point transforms

[0.9516681432723999, 0.2406739443540573, 0.19079796969890594, 0.12346550822257996, -0.2703717052936554, 0.9512004852294922, 0.14871717989444733, -0.2338714301586151, -0.1456947773694992, -0.19311577081680298, 0.9702986478805542, 0.055085137486457825, 0.0, 0.0, 0.0, 1.0]

[0.9516681432723999, -0.2406739443540573, 0.19079796969890594, 0.12346550822257996, 0.2703717052936554, 0.9512004852294922, -0.14871717989444733, 0.2338714301586151, -0.1456947773694992, 0.19311577081680298, 0.9702986478805542, 0.055085137486457825, 0.0, 0.0, 0.0, 1.0]

Init transform for R/L Legs

[0.9863397479057312, 0.15704217553138733, 0.04971614480018616, -0.020728666335344315, -0.15593096613883972, 0.9874390363693237, -0.025515317916870117, -0.03647679090499878, -0.0530986413359642, 0.017414486035704613, 0.9984381198883057, -0.227644681930542, 0.0, 0.0, 0.0, 1.0]

[0.9863397479057312, -0.15704217553138733, 0.04971614480018616, -0.020728666335344315, 0.15593096613883972, 0.9874390363693237, 0.025515317916870117, 0.03647679090499878, -0.0530986413359642, -0.017414486035704613, 0.9984381198883057, -0.227644681930542, 0.0, 0.0, 0.0, 1.0]

Init transform for R/L Arms straight down and ready to go to the Init transform before play xylophone

[0.03477038815617561, 0.9961863160133362, 0.080023854970932, 0.0029639352578669786, -0.381715327501297, 0.0872393399477005, -0.9201536178588867, -0.183818519115448, -0.923625648021698, 0.0014477664371952415, 0.38329294323921204, -0.10117591917514801, 0.0, 0.0, 0.0, 1.0]

[0.03795033320784569, -0.9755989909172058, -0.21625538170337677, 0.006952085066586733, 0.378103643655777, -0.1863023042678833, 0.9068236947059631, 0.18319708108901978, -0.9249851703643799, -0.11618120968341827, 0.36180728673934937, -0.10128530114889145, 0.0, 0.0, 0.0, 1.0]

