Init transform for R/L Arms before play xylophone these are end point transforms

[0.9516681432723999, 0.2406739443540573, 0.19079796969890594, 0.12346550822257996, -0.2703717052936554, 0.9512004852294922, 0.14871717989444733, -0.2338714301586151, -0.1456947773694992, -0.19311577081680298, 0.9702986478805542, 0.055085137486457825, 0.0, 0.0, 0.0, 1.0]

[0.9516681432723999, -0.2406739443540573, 0.19079796969890594, 0.12346550822257996, 0.2703717052936554, 0.9512004852294922, -0.14871717989444733, 0.2338714301586151, -0.1456947773694992, 0.19311577081680298, 0.9702986478805542, 0.055085137486457825, 0.0, 0.0, 0.0, 1.0]

Init transform for R/L Legs

[0.9863397479057312, 0.15704217553138733, 0.04971614480018616, -0.020728666335344315, -0.15593096613883972, 0.9874390363693237, -0.025515317916870117, -0.03647679090499878, -0.0530986413359642, 0.017414486035704613, 0.9984381198883057, -0.227644681930542, 0.0, 0.0, 0.0, 1.0]

[0.9863397479057312, -0.15704217553138733, 0.04971614480018616, -0.020728666335344315, 0.15593096613883972, 0.9874390363693237, 0.025515317916870117, 0.03647679090499878, -0.0530986413359642, -0.017414486035704613, 0.9984381198883057, -0.227644681930542, 0.0, 0.0, 0.0, 1.0]

Init transform for R/L Arms straight down and ready to go to the Init transform before play xylophone

[0.03477038815617561, 0.9961863160133362, 0.080023854970932, 0.0029639352578669786, -0.381715327501297, 0.0872393399477005, -0.9201536178588867, -0.183818519115448, -0.923625648021698, 0.0014477664371952415, 0.38329294323921204, -0.10117591917514801, 0.0, 0.0, 0.0, 1.0]

[0.03795033320784569, -0.9755989909172058, -0.21625538170337677, 0.006952085066586733, 0.378103643655777, -0.1863023042678833, 0.9068236947059631, 0.18319708108901978, -0.9249851703643799, -0.11618120968341827, 0.36180728673934937, -0.10128530114889145, 0.0, 0.0, 0.0, 1.0]

Positions!!!!

RArm_Low_E_Red
[0.9316542148590088, 0.24458177387714386, 0.2687009274959564, 0.12316013872623444, -0.287557452917099, 0.9483729004859924, 0.13378950953483582, -0.23423564434051514, -0.2221062183380127, -0.201912522315979, 0.9538869261741638, 0.04188814014196396, 0.0, 0.0, 0.0, 1.0]
LArm_High_C_Green
[0.9445579648017883, -0.2035570740699768, 0.257632851600647, 0.13692229986190796, 0.2249278724193573, 0.9727608561515808, -0.05606827139854431, 0.22018061578273773, -0.23920205235481262, 0.11090853810310364, 0.9646146893501282, 0.029607918113470078, 0.0, 0.0, 0.0, 1.0]

RArm_Low_G_Gray
[0.9489130973815918, 0.15944349765777588, 0.2722896933555603, 0.1422799825668335, -0.16740337014198303, 0.9858695864677429, 0.0060991644859313965, -0.20895415544509888, -0.2674696445465088, -0.051369789987802505, 0.9621959328651428, 0.020460091531276703, 0.0, 0.0, 0.0, 1.0]
LArm_High_D_Brown
[0.9606088399887085, -0.21638108789920807, 0.17438435554504395, 0.13190385699272156, 0.24442031979560852, 0.9564399123191833, -0.15962907671928406, 0.22714614868164062, -0.1322474479675293, 0.19596418738365173, 0.9716525673866272, 0.04552464932203293, 0.0, 0.0, 0.0, 1.0]

RArm Yellow_F
[0.9099283814430237, 0.35879895091056824, 0.20807099342346191, 0.1243993267416954, -0.36040198802948, 0.9322648048400879, -0.031506866216659546, -0.23131726682186127, -0.20528189837932587, -0.04632020741701126, 0.9776060581207275, 0.01880708709359169, 0.0, 0.0, 0.0, 1.0]

RArm Brown_D
[0.7977290749549866, 0.5584625005722046, 0.22748160362243652, 0.09605710208415985, -0.5727416276931763, 0.8197265267372131, -0.003929615020751953, -0.26430970430374146, -0.18866723775863647, -0.1271534115076065, 0.9737744331359863, 0.0359920971095562, 0.0, 0.0, 0.0, 1.0]

RArm Green_C
[0.7549957036972046, 0.6238712072372437, 0.20190632343292236, 0.08934551477432251, -0.6365261673927307, 0.7712495923042297, -0.0029019415378570557, -0.2739158868789673, -0.15753060579299927, -0.12632770836353302, 0.9794004559516907, 0.04799559339880943, 0.0, 0.0, 0.0, 1.0]

LArm Blue_A
[0.9794453382492065, -0.12720155715942383, 0.15654529631137848, 0.15686027705669403, 0.1311633139848709, 0.9912441968917847, -0.015200257301330566, 0.1846284121274948, -0.1532411128282547, 0.035420820116996765, 0.9875536561012268, 0.008092634379863739, 0.0, 0.0, 0.0, 1.0]

LArm Pink_H
[0.9669263362884521, -0.18347570300102234, 0.17717286944389343, 0.14802011847496033, 0.1927211582660675, 0.9805812835693359, -0.03631642460823059, 0.20442283153533936, -0.167069211602211, 0.06926026940345764, 0.9835095405578613, 0.01827755756676197, 0.0, 0.0, 0.0, 1.0]

LArm Green_C
[0.97382652759552, -0.18728788197040558, 0.12878389656543732, 0.1423220932483673, 0.20739543437957764, 0.9640157222747803, -0.16631534695625305, 0.21658730506896973, -0.0930008515715599, 0.18867149949073792, 0.9776267409324646, 0.03856509178876877, 0.0, 0.0, 0.0, 1.0]

LArm Red_E
[0.9093157052993774, -0.3619553744792938, 0.20526385307312012, 0.11645516753196716, 0.4004344940185547, 0.895296573638916, -0.19518250226974487, 0.2490326315164566, -0.11312466859817505, 0.2596772313117981, 0.9590466618537903, 0.05591168254613876, 0.0, 0.0, 0.0, 1.0]

LArm Yellow_F
[0.8770732879638672, -0.42776089906692505, 0.2185472548007965, 0.10589532554149628, 0.4709978699684143, 0.8551942110061646, -0.21634218096733093, 0.25902336835861206, -0.09435762465000153, 0.2926832437515259, 0.9515424966812134, 0.06389060616493225, 0.0, 0.0, 0.0, 1.0]


RArm Green_C
[0.7917797565460205, 0.5516479015350342, 0.2622392475605011, 0.08917990326881409, -0.5876649022102356, 0.805058479309082, 0.08081316947937012, -0.2660846710205078, -0.16653750836849213, -0.21809503436088562, 0.961613118648529, 0.034734096378088, 0.0, 0.0, 0.0, 1.0]

RArm Gray_G
[0.9401087760925293, 0.2323245257139206, 0.24944117665290833, 0.14338093996047974, -0.24211746454238892, 0.9702064394950867, 0.008875995874404907, -0.2070612907409668, -0.23994731903076172, -0.06873846799135208, 0.9683493971824646, 0.005524091422557831, 0.0, 0.0, 0.0, 1.0]

RArm Red_E
[0.8820337653160095, 0.3790297508239746, 0.2799156606197357, 0.11400243639945984, -0.4082849621772766, 0.9113437533378601, 0.05249696969985962, -0.24340175092220306, -0.23520147800445557, -0.16058945655822754, 0.9585881233215332, 0.025596247985959053, 0.0, 0.0, 0.0, 1.0]