C
RArm
[0.811052680015564, 0.5080109238624573, 0.29003196954727173, 0.11925686150789261, -0.5415233969688416, 0.839543342590332, 0.04381188750267029, -0.24968045949935913, -0.22123748064041138, -0.19259285926818848, 0.9560136795043945, 0.01522045023739338, 0.0, 0.0, 0.0, 1.0]
-52.5

D
RArm
[0.8433941602706909, 0.46244972944259644, 0.2735447585582733, 0.12813331186771393, -0.4749271869659424, 0.8797256946563721, -0.0229511559009552, -0.23468232154846191, -0.25125810503959656, -0.11055696755647659, 0.9615854620933533, 0.003927379846572876, 0.0, 0.0, 0.0, 1.0]
-52.8

E
RArm
[0.9526314735412598, 0.271195650100708, 0.1376451700925827, 0.15189608931541443, -0.2941758632659912, 0.9365118741989136, 0.1908036172389984, -0.21341979503631592, -0.07716123014688492, -0.22225740551948547, 0.9719299077987671, 0.02578144520521164, 0.0, 0.0, 0.0, 1.0]
-60.9

F
RArm
[0.9594770073890686, 0.22440361976623535, 0.17043142020702362, 0.1566157341003418, -0.23924320936203003, 0.968291163444519, 0.07193642854690552, -0.19604627788066864, -0.14888443052768707, -0.10979591310024261, 0.9827401638031006, 0.00857638195157051, 0.0, 0.0, 0.0, 1.0]
-60.1

G
RArm
[0.9819556474685669, 0.12685701251029968, 0.1402507871389389, 0.16754357516765594, -0.1400074064731598, 0.9862123727798462, 0.08822131156921387, -0.1711345911026001, -0.1271255761384964, -0.10626555979251862, 0.9861777424812317, 0.004274282604455948, 0.0, 0.0, 0.0, 1.0]
-68

A
RArm
[0.9839231967926025, 0.08461089432239532, 0.15727724134922028, 0.1698700487613678, -0.08893222361803055, 0.9958240389823914, 0.020631909370422363, -0.15202099084854126, -0.1548747718334198, -0.034287229180336, 0.9873389601707458, -0.005606081336736679, 0.0, 0.0, 0.0, 1.0]
-72.7

B
LArm
[0.9969818592071533, -0.07132048904895782, -0.030665243044495583, 0.18170636892318726, 0.06121399998664856, 0.9651321172714233, -0.2545051574707031, 0.16240932047367096, 0.04774744063615799, 0.2518599033355713, 0.9665850400924683, 0.03287102282047272, 0.0, 0.0, 0.0, 1.0]
76.6

C
LArm
[0.9942387938499451, -0.10128866881132126, -0.03506907448172569, 0.16973449289798737, 0.08688187599182129, 0.9531471729278564, -0.2897622287273407, 0.17841550707817078, 0.062775619328022, 0.2850459814071655, 0.9564560651779175, 0.03536307066679001, 0.0, 0.0, 0.0, 1.0]
71.9

D
LArm
[0.9819480776786804, -0.17284922301769257, -0.07681860774755478, 0.16241022944450378, 0.12994657456874847, 0.9115732908248901, -0.39006149768829346, 0.191005140542984, 0.13744762539863586, 0.37303781509399414, 0.9175788164138794, 0.046224698424339294, 0.0, 0.0, 0.0, 1.0]
75.4

E
LArm
[0.9613528847694397, -0.27436792850494385, -0.02286483347415924, 0.1525546908378601, 0.2302558571100235, 0.8467550873756409, -0.4795706868171692, 0.21160534024238586, 0.1509397327899933, 0.45577189326286316, 0.8772053122520447, 0.05384673550724983, 0.0, 0.0, 0.0, 1.0]
77.6

F
LArm
[0.9296908378601074, -0.36800268292427063, 0.015775375068187714, 0.1415029764175415, 0.3383636176586151, 0.8363217115402222, -0.4313651919364929, 0.22643716633319855, 0.14555025100708008, 0.4063740670681, 0.9020394086837769, 0.05264216661453247, 0.0, 0.0, 0.0, 1.0]
76
