1
RArm
[0.7046152949333191, 0.6842796802520752, 0.18782615661621094, 0.07768086344003677, -0.6421149373054504, 0.7275266647338867, -0.24164724349975586, -0.24170322716236115, -0.30200284719467163, 0.049662359058856964, 0.9520126581192017, -0.022364256903529167, 0.0, 0.0, 0.0, 1.0]
RWristYaw
[-0.9327139854431152]

2
RArm
[0.8338232636451721, 0.5227229595184326, 0.17748065292835236, 0.09299665689468384, -0.5491682291030884, 0.8181614279747009, 0.17037062346935272, -0.22888188064098358, -0.05615118891000748, -0.2395257204771042, 0.9692648649215698, -0.0010705310851335526, 0.0, 0.0, 0.0, 1.0]
RWristYaw
[-1.3484277725219727]

3
RArm
[0.8339325189590454, 0.5139039158821106, 0.20114511251449585, 0.10116709768772125, -0.5345548391342163, 0.8427818417549133, 0.06300808489322662, -0.20082446932792664, -0.13714134693145752, -0.1600675880908966, 0.9775329828262329, -0.024934709072113037, 0.0, 0.0, 0.0, 1.0]
RWristYaw
[-1.5539841651916504]

4
RArm
[0.8827152252197266, 0.42381754517555237, 0.2029593288898468, 0.12381041049957275, -0.44359731674194336, 0.8940550088882446, 0.062347155064344406, -0.1859358549118042, -0.15503299236297607, -0.1450669914484024, 0.9772002696990967, -0.025717556476593018, 0.0, 0.0, 0.0, 1.0]
RWristYaw
[-1.6352858543395996]

5
RArm
[0.8934284448623657, 0.4377962350845337, 0.10059890151023865, 0.12674285471439362, -0.4211816191673279, 0.89427649974823, -0.15124690532684326, -0.17907367646694183, -0.1561785638332367, 0.09275788068771362, 0.9833638072013855, -0.02642780728638172, 0.0, 0.0, 0.0, 1.0]
RWristYaw
[-1.4036521911621094]

6
RArm
[0.9332370758056641, 0.3339744210243225, 0.1323997974395752, 0.1376442015171051, -0.3133256137371063, 0.9369326829910278, -0.154868021607399, -0.14478783309459686, -0.17577165365219116, 0.10304433107376099, 0.9790230393409729, -0.03193335235118866, 0.0, 0.0, 0.0, 1.0]
RWristYaw
[-1.5984702110290527]

7
LArm
[0.9026696681976318, -0.39544641971588135, 0.16973412036895752, 0.12159183621406555, 0.3704041838645935, 0.9147530794143677, 0.16133034229278564, 0.18934044241905212, -0.21906231343746185, -0.08275777846574783, 0.9721948504447937, -0.027342669665813446, 0.0, 0.0, 0.0, 1.0]
LWristYaw
[1.1918760538101196]

8
LArm
[0.8823613524436951, -0.4409118890762329, 0.16442348062992096, 0.11578676849603653, 0.42792874574661255, 0.897169291973114, 0.10938113927841187, 0.20697708427906036, -0.1957431435585022, -0.02615215629339218, 0.9803063869476318, -0.01882964000105858, 0.0, 0.0, 0.0, 1.0]
LWristYaw
[1.1397199630737305]

9
LArm
[0.8712782859802246, -0.4653915762901306, 0.1558358371257782, 0.11184121668338776, 0.4703637361526489, 0.882455050945282, 0.005579113960266113, 0.22425101697444916, -0.14011459052562714, 0.0684385672211647, 0.987767219543457, -0.003777164965867996, 0.0, 0.0, 0.0, 1.0]
LWristYaw
[1.1075060367584229]

10
LArm
[0.8738337159156799, -0.45301932096481323, 0.17660164833068848, 0.10824009776115417, 0.47664716839790344, 0.8698556423187256, -0.1271163523197174, 0.2378229796886444, -0.09603177011013031, 0.19525521993637085, 0.9760395288467407, 0.013339843600988388, 0.0, 0.0, 0.0, 1.0]
LWristYaw
[1.0691561698913574]

11
LArm
[0.7234770059585571, -0.6547032594680786, 0.2189629077911377, 0.0754120796918869, 0.6607623100280762, 0.7485755681991577, 0.05502551794052124, 0.2509842813014984, -0.1999356746673584, 0.10487274080514908, 0.9741804599761963, -0.005896013230085373, 0.0, 0.0, 0.0, 1.0]
LWristYaw
[1.0384759902954102]
