1
[-0.9296460151672363]
[0.7050777673721313, 0.6847711801528931, 0.1842656135559082, 0.07789433002471924, -0.6421149373054504, 0.7267819046974182, -0.24387814104557037, -0.24167576432228088, -0.30092161893844604, 0.053633347153663635, 0.9521395564079285, -0.022242989391088486, 0.0, 0.0, 0.0, 1.0]

2
[-1.1198620796203613]
[0.8338232636451721, 0.5493419170379639, 0.054425835609436035, 0.09451146423816681, -0.5491682291030884, 0.8354856967926025, -0.0194399356842041, -0.2265453040599823, -0.05615117773413658, -0.013679469004273415, 0.9983285665512085, -0.0014283042401075363, 0.0, 0.0, 0.0, 1.0]

3
[-1.3238840103149414]
[0.8340065479278564, 0.546119749546051, 0.07865321636199951, 0.10268910229206085, -0.5342291593551636, 0.8349118232727051, -0.13236886262893677, -0.19823241233825684, -0.13795775175094604, 0.06837765872478485, 0.9880750179290771, -0.02522025629878044, 0.0, 0.0, 0.0, 1.0]

4
[-1.4067201614379883]
[0.8828926086425781, 0.4584278166294098, 0.10170897096395493, 0.12509164214134216, -0.44301414489746094, 0.8849931955337524, -0.14326736330986023, -0.18318575620651245, -0.15568949282169342, 0.08143118768930435, 0.9844439625740051, -0.025935661047697067, 0.0, 0.0, 0.0, 1.0]

5
[-1.5723919868469238]
[0.9211531281471252, 0.3725089728832245, 0.11275632679462433, 0.13421043753623962, -0.36606451869010925, 0.9276371598243713, -0.07406841218471527, -0.1631428599357605, -0.1321881115436554, 0.026952259242534637, 0.9908581972122192, -0.025718241930007935, 0.0, 0.0, 0.0, 1.0]

6
[-1.5984702110290527]
[0.9332370758056641, 0.3339744210243225, 0.1323997974395752, 0.1376442015171051, -0.3133256137371063, 0.9369326829910278, -0.154868021607399, -0.14478783309459686, -0.17577165365219116, 0.10304433107376099, 0.9790230393409729, -0.03193335235118866, 0.0, 0.0, 0.0, 1.0]

7
[1.1918760538101196]
[0.903134822845459, -0.3949340581893921, 0.1684473156929016, 0.12166055291891098, 0.37011459469795227, 0.9149631857872009, 0.1608026623725891, 0.18931400775909424, -0.2176295518875122, -0.08288167417049408, 0.9725059866905212, -0.027183596044778824, 0.0, 0.0, 0.0, 1.0]

8
[1.1366519927978516]
[0.8806494474411011, -0.4413975477218628, 0.17211854457855225, 0.11473716795444489, 0.42735984921455383, 0.8969218134880066, 0.1135549396276474, 0.20672854781150818, -0.204499751329422, -0.02644553780555725, 0.9785093069076538, -0.020053233951330185, 0.0, 0.0, 0.0, 1.0]

9
[1.104438066482544]
[0.8718101978302002, -0.4652663469314575, 0.15321312844753265, 0.11193397641181946, 0.46976587176322937, 0.8827580213546753, 0.0076423585414886475, 0.2241576462984085, -0.13880585134029388, 0.06531161069869995, 0.9881637096405029, -0.0036332421004772186, 0.0, 0.0, 0.0, 1.0]

10
[1.0691561698913574]
[0.873685359954834, -0.4527192711830139, 0.1780986487865448, 0.10810703039169312, 0.47664716839790344, 0.8698556423187256, -0.1271163523197174, 0.2378229796886444, -0.09737209230661392, 0.19594991207122803, 0.9757674932479858, 0.013173909857869148, 0.0, 0.0, 0.0, 1.0]

11
[1.0369420051574707]
[0.7234770059585571, -0.6550383567810059, 0.21795834600925446, 0.0754244476556778, 0.6607623100280762, 0.7484903335571289, 0.05617377161979675, 0.25097012519836426, -0.1999356895685196, 0.10337823629379272, 0.9743402004241943, -0.005897980183362961, 0.0, 0.0, 0.0, 1.0]
